111111111111111111111111111111111111111111111111111111111111111111111111111111111111111111111111111111111111111111111111111111111
11111111111111111111111111111111111111111111111111111111111111111111111111111111111111111111111111111111111111111111111111111111
11111111111111111111111111111111111111111111111111111111111111111111111111111111111111111111111111111111111111111111111111111111
11111111111111111111111111111111111111111111111111111111111111111111111111111111111111111111111111111111111111111111111111111111
11111111111111111111111111111111111111111111111111111111111111111111111111111111111111111111111111111111111111111111111111111111
11111111111111111111111111111111111111111111111111111111111111111111111111111111111111111111111111111111111111111111111111111111
11111111111111111111111111111111111111111111111111111111111111111111111111111111111111111111111111111111111111111111111111111111
11111111111111111111111111111111111111111111111111111111111111111111111111111111111111111111111111111111111111111111111111111111
11111111111111111111111111111111111111111111111111111111111111111111111111111111111111111111111111111111111111111111111111111111
11111111111111111111111111111111111111111111111111111111111111111111111111111111111111111111111111111111111111111111111111111111
11111111111111111111111111000000000111111111111111111111111111111111111111111111111111111111000000000011111111111111111111111111
11111111111111111111111100000000000000111111111111111111111111111111111111111111111111111100000000000000111111111111111111111111
11111111111111111111110000000000000000011111111111111111111111111111111111111111111111110000000000000000011111111111111111111111
11111111111111111111100000000000000000001111111111111111111111111111111111111111111111100000000000000000001111111111111111111111
11111111111111111111000000000000000000000111111111111111111111111111111111111111111111000000000000000000000111111111111111111111
11111111111111111110000000000000000000000011111111111111111111111111111111111111111110000000000000000000000011111111111111111111
11111111111111111100000000000000000000000001111111111111111111111111111111111111111100000000000000000000000001111111111111111111
11111111111111111100000000000000000000000001111111111111111111111111111111111111111100000000000000000000000000111111111111111111
11111111111111111000000000111000000011000000111111111111111111111111111111111111111000000000111000000011000000111111111111111111
11111111111111111000000011111110001111100000111111111111111111111111111111111111111000000011111110001111100000111111111111111111
11111111111111111000000111111111001111110000011111111111111111111111111111111111111000000011111111001111110000011111111111111111
11111111111111110000000111111111001111110000011111111111111111111111111111111111110000000111111111101111110000011111111111111111
11111111111111110000001111111111101111110000011111111111111111111111111111111111110000000111111111101111110000011111111111111111
11111111111111110000001111111111100111100000011111111111111111111111111111111111110000000111111111100111100000011111111111111111
11111111111111110000001111111111100000000000011111111111111111111111111111111111110000000111111111100000000000011111111111111111
11111111111111110000000111111111000000000000011111111111111111111111111111111111110000000111111111100000000000011111111111111111
11111111111111110000000111111111000000000000011111111111111111111111111111111111110000000011111111000000000000011111111111111111
11111111111111110000000011111110000000000000011111111111111111111111111111111111111000000011111110000000000000011111111111111111
11111111111111111000000000111000000000000000111111111111111111111111111111111111111000000000111000000000000000011111111111111111
11111111111111111000000000000000000000000000111111111111111111111111111111111111111000000000000000000000000000111111111111111111
11111111111111111000000000000000000000000000111111111111111111111111111111111111111100000000000000000000000000111111111111111111
11111111111111111100000000000000000000000001111111111111111111111111111111111111111100000000000000000000000001111111111111111111
11111111111111111111100000000000000000000011111111111111111111111111111111111111111110000000000000000000001111111111111111111111
11111111111111111111111100000000000000000011111111111111111111111111111111111111111111000000000000000001111111111111111111111111
11111111111111111111111111000000000000000111111111111111111111111111111111111111111111000000000000000111111111111111111111111111
11111111111111111111111111110000000000001111111111111111111111111111111111111111111111100000000000001111111111111111111111111111
11111111111111111111111111111000000000111111111111111111111111111111111111111111111111111000000000011111111111111111111111111111
11111111111111111111111111111100000001111111111111001111111111111111111111110111111111111110000000111111111111111111111111111111
11111111111111111111111111111100001111111111111110001111111111111111111111100011111111111111110001111111111111111111111111111111
11111111111111111111111111111111111111111111111110000111111111111111111111100011111111111111111111111111111111111111111111111111
11111111111111111111111111111111111111111111111111000111111111111111111111000011111111111111111111111111111111111111111111111111
11111111111111111111111111111111111111111111111111000111111111111111111111000111111111111111111111111111111111111111111111111111
11111111111111111111111111111111111111111111111111000011111111111111111111000111111111111111111111111111111111111111111111111111
11111111111111111111111111111111111111111111111111100001111111111111111110000111111111111111111111111111111111111111111111111111
11111111111111111111111111111111111111111111111111100000111111111111111100001111111111111111111111111111111111111111111111111111
11111111111111111111111111111111111111111111111111110000011111111111110000011111111111111111111111111111111111111111111111111111
11111111111111111111111111111111111111111111111111111000000011111111000000111111111111111111111111111111111111111111111111111111
11111111111111111111111111111111111111111111111111111100000000000000000001111111111111111111111111111111111111111111111111111111
11111111111111111111111111111111111111111111111111111111000000000000000111111111111111111111111111111111111111111111111111111111
11111111111111111111111111111111111111111111111111111111111000000000011111111111111111111111111111111111111111111111111111111111
11111111111111111111111111111111111111111111111111111111111111111111111111111111111111111111111111111111111111111111111111111111
11111111111111111111111111111111111111111111111111111111111111111111111111111111111111111111111111111111111111111111111111111111
11111111111111111111111111111111111111111111111111111111111111111111111111111111111111111111111111111111111111111111111111111111
11111111111111111111111111111111111111111111111111111111111111111111111111111111111111111111111111111111111111111111111111111111
11111111111111111111111111111111111111111111111111111111111111111111111111111111111111111111111111111111111111111111111111111111
11111111111111111111111111111111111111111111111111111111111111111111111111111111111111111111111111111111111111111111111111111111
11111111111111111111111111111111111111111111111111111111111111111111111111111111111111111111111111111111111111111111111111111111
11111111111111111111111111111111111111111111111111111111111111111111111111111111111111111111111111111111111111111111111111111111
11111111111111111111111111111111111111111111111111111111111111111111111111111111111111111111111111111111111111111111111111111111
1111111111111111111111111111111111111111111111111111111111111111111111111111111111111111111111111111111111111111111111111111111